function dy = sian1(t,y)
dy = zeros(4,1);
dy(1) = 1333.3-(1/32)*y(1)-1.03*y(1)*y(2)/100000;
dy(2) = 1.03*y(1)*y(2)/100000 -(0.2+(1/32))*y(2);
dy(3) = (0.3*0.2*y(2)-(1+(1/32))*y(3));
dy(4) = (1-0.3)*0.2*y(2)-(1/32)*y(4);