function dy = sir(t,y)
dy = zeros(3,1);
dy(1) = -0.00218*y(1)*y(2);
dy(2) = 0.00218*y(1)*y(2)-0.44036*y(2);
dy(3) = 0.44036*y(2);
